5.00000000e-01
4.57770721e-01
5.38210617e-01
7.30082254e-01
7.84429173e-01
5.21972346e-01
7.65443026e-01
6.75807257e-01
5.57292958e-01
3.35191152e-01
3.04551371e-01
3.18718311e-01
3.43494286e-01
3.23094405e-01
3.33706271e-01
1.94186341e-01
4.16566622e-01
6.40599844e-01
5.57865818e-01
4.92482827e-01
3.56750621e-01
2.51878176e-01
5.06241074e-01
3.79145767e-01
2.22666812e-01
2.67605316e-01
3.91436075e-01
2.09496128e-01
2.17938370e-01
2.33285227e-01
2.90947918e-01
2.36773163e-01
2.22168181e-01
3.92565731e-01
3.01126068e-01
2.84681592e-01
4.66417168e-01
3.47107488e-01
3.08902442e-01
2.77156340e-01
3.44683666e-01
2.88830026e-01
3.84813580e-01
2.91495374e-01
1.95718033e-01
2.85586024e-01
3.52060663e-01
3.27015045e-01
3.60679166e-01
2.78198701e-01
2.86894866e-01
3.53469093e-01
3.34684632e-01
2.28790025e-01
2.67734291e-01
2.55169684e-01
2.72397609e-01
2.17466870e-01
2.90162796e-01
3.53617982e-01
2.00179456e-01
3.65683107e-01
3.85054351e-01
2.48813006e-01
3.66604206e-01
2.31372511e-01
3.55769652e-01
2.74977968e-01
3.33946853e-01
6.21500626e-01
4.38640571e-01
2.03169871e-01
5.58600299e-01
6.34599552e-01
4.74367786e-01
3.92577633e-01
3.74874122e-01
6.28628193e-01
7.43244605e-01
5.02696445e-01
4.81729252e-01
2.18671673e-01
2.74097918e-01
3.73358499e-01
2.34867048e-01
3.17573866e-01
3.18538211e-01
2.69936787e-01
1.87880363e-01
2.02024533e-01
2.33285125e-01
3.43068550e-01
3.90915465e-01
2.85129062e-01
2.52187460e-01
2.90298049e-01
2.20790250e-01
3.09181963e-01
5.19122149e-01
3.75201906e-01
2.44771004e-01
3.47273105e-01
4.12964750e-01
4.05568641e-01
4.55165364e-01
2.68823599e-01
4.12168477e-01
2.40377149e-01
2.78616267e-01
2.89583720e-01
2.23161179e-01
2.52687836e-01
2.95678750e-01
2.32385098e-01
3.48250219e-01
3.34090455e-01
2.40667358e-01
2.58946346e-01
3.20831827e-01
3.35478104e-01
2.97929364e-01
3.13886675e-01
1.91328765e-01
2.67353322e-01
2.90214705e-01
3.13654265e-01
3.21327045e-01
2.97787628e-01
2.86684380e-01
4.52657936e-01
2.79870257e-01
2.31329533e-01
2.69628035e-01
3.32426979e-01
2.72348407e-01
3.54274252e-01
2.86818980e-01
2.92583288e-01
2.25486299e-01
2.03477578e-01
3.88846963e-01
2.15787659e-01
3.81851597e-01
3.09201363e-01
1.97003031e-01
2.61119674e-01
2.89186939e-01
2.51370994e-01
2.17521810e-01
2.05443224e-01
3.70270304e-01
2.00134746e-01
2.87047304e-01
2.53074594e-01
4.33188374e-01
2.32075532e-01
3.45856694e-01
3.66162419e-01
2.36747802e-01
3.71294851e-01
6.01575879e-01
3.09381606e-01
3.68538432e-01
2.95710857e-01
3.71853478e-01
2.88244747e-01
5.67476943e-01
4.57010178e-01
4.59797563e-01
4.53418371e-01
2.06214612e-01
5.08082044e-01
2.12916615e-01
4.14354891e-01
4.74740691e-01
3.15699651e-01
3.29458456e-01
4.61702165e-01
5.09917585e-01
4.14103552e-01
4.54548885e-01
4.39238628e-01
4.65725622e-01
4.39164172e-01
3.83626161e-01
4.28537014e-01
1.61542711e-01
1.34639016e-01
2.80098025e-01
3.26269596e-01
2.35061528e-01
3.37973486e-01
2.69828751e-01
2.74709684e-01
2.07926517e-01
4.15596362e-01
3.35414059e-01
4.44323234e-01
8.07050941e-01
5.66519564e-01
2.68838951e-01
2.73488655e-01
3.28846510e-01
6.12978952e-01
4.19090509e-01
7.05262894e-01
4.24283710e-01
2.39805521e-01
2.44085729e-01
1.92749440e-01
2.24919477e-01
3.37589752e-01
4.19761252e-01
3.13572027e-01
4.60160997e-01
4.69237809e-01
3.14204056e-01
4.91329869e-01
5.24601043e-01
6.23679614e-01
7.07810136e-01
6.71534335e-01
4.03745641e-01
3.69575489e-01
3.26292081e-01
2.12153531e-01
2.31712296e-01
3.53323357e-01
4.48500521e-01
3.10978329e-01
2.82100894e-01
3.02882047e-01
3.64615429e-01
2.62602984e-01
3.35654070e-01
2.66990743e-01
2.28070404e-01
2.09453944e-01
2.19420258e-01
3.51662137e-01
2.91949266e-01
1.88749990e-01
3.05299421e-01
3.04664970e-01
2.55318064e-01
3.21992209e-01
6.51316464e-01
2.36812656e-01
2.54738191e-01
3.36633401e-01
3.40520847e-01
5.10988017e-01
4.65499087e-01
6.53749777e-01
2.47892329e-01
3.74075445e-01
2.65821907e-01
2.34565569e-01
3.94874662e-01
2.83283542e-01
2.99025180e-01
3.47749789e-01
2.48820650e-01
2.47022698e-01
1.67575839e-01
3.15964140e-01
4.84267669e-01
6.70190785e-01
2.85539292e-01
2.64941330e-01
2.15165021e-01
4.60890664e-01
3.29885549e-01
2.34177316e-01
2.33132739e-01
3.59672609e-01
3.49542132e-01
3.16699689e-01
3.36956157e-01
3.86913936e-01
2.26139005e-01
1.98086865e-01
2.75676244e-01
2.00196293e-01
1.97442641e-01
3.40087070e-01
3.39967584e-01
3.80174330e-01
2.27293141e-01
1.75782108e-01
1.52766534e-01
2.54245178e-01
2.53828401e-01
2.13153486e-01
4.62913800e-01
5.64454955e-01
4.02343108e-01
2.40949420e-01
2.34777028e-01
3.98329973e-01
2.75341610e-01
2.59970203e-01
3.54570421e-01
3.43707247e-01
2.42538909e-01
3.93369445e-01
2.23296388e-01
2.20195986e-01
3.82826430e-01
2.93675103e-01
2.16900033e-01
2.84316046e-01
2.77812032e-01
2.56472466e-01
4.39993132e-01
2.40989057e-01
2.86365050e-01
3.20866526e-01
2.25710167e-01
2.21951060e-01
2.41885482e-01
2.18482298e-01
2.50782546e-01
5.37442136e-01
4.89540314e-01
2.45844826e-01
2.34344839e-01
4.13623125e-01
2.30607543e-01
3.14257663e-01
2.26333670e-01
2.10269580e-01
2.18591088e-01
2.23542878e-01
2.05496860e-01
3.22950619e-01
2.55286403e-01
2.56701405e-01
2.48893677e-01
2.86914465e-01
2.86153072e-01
3.85096580e-01
1.89623580e-01
2.19716065e-01
3.10650711e-01
4.62931417e-01
5.08986121e-01
3.17561551e-01
2.16326227e-01
3.45172741e-01
3.85321080e-01
2.54386039e-01
3.67668819e-01
3.86070276e-01
3.29220760e-01
4.40590676e-01
3.71219305e-01
2.71438862e-01
3.71690485e-01
3.84958293e-01
3.04186424e-01
4.32769614e-01
3.83261808e-01
4.30471847e-01
2.42946419e-01
4.21831062e-01
3.24270000e-01
1.90870785e-01
3.89739678e-01
2.68934163e-01
2.40671153e-01
4.50595766e-01
3.20984896e-01
1.97607927e-01
3.66013763e-01
1.87723729e-01
3.54911606e-01
4.08926535e-01
2.90588004e-01
4.27237506e-01
5.23332842e-01
3.67589354e-01
2.35319914e-01
3.19529620e-01
2.64488135e-01
4.45625715e-01
2.57473086e-01
2.98413251e-01
4.12399070e-01
2.90309912e-01
3.95456028e-01
2.72054067e-01
2.24244516e-01
3.55666322e-01
2.52135490e-01
1.58793765e-01
3.42204007e-01
3.87183957e-01
3.33153642e-01
3.08863122e-01
4.13413533e-01
3.13014955e-01
2.31100006e-01
3.87102404e-01
2.60967945e-01
2.52990394e-01
3.60472326e-01
3.22760242e-01
3.57204180e-01
3.36974988e-01
2.82917115e-01
3.35258126e-01
2.80643945e-01
2.00502815e-01
2.49779230e-01
2.71547803e-01
2.95249816e-01
2.98325751e-01
2.93070347e-01
1.97248616e-01
2.27789451e-01
4.28773093e-01
3.54643289e-01
3.10891683e-01
2.09493591e-01
4.31517766e-01
2.45584291e-01
3.98967510e-01
3.67473116e-01
2.90592519e-01
3.17871298e-01
2.26428858e-01
2.11163312e-01
3.28500792e-01
3.32091865e-01
5.42364468e-01
5.26619066e-01
4.28927610e-01
3.95341752e-01
4.55694738e-01
5.18053273e-01
4.98084853e-01
4.39347253e-01
4.47060029e-01
5.13300748e-01
6.61877930e-01
4.61912046e-01
2.01361990e-01
2.79217675e-01
3.28901489e-01
3.28817534e-01
2.92610979e-01
4.51477611e-01
3.04243008e-01
3.54394346e-01
4.27417337e-01
3.46894657e-01
1.83875747e-01
4.05997237e-01
3.35020035e-01
3.05556029e-01
2.12378330e-01
3.33210295e-01
5.37618629e-01
4.49348747e-01
1.83928820e-01
2.40288385e-01
2.65099479e-01
3.18696054e-01
2.41443239e-01
2.17379804e-01
3.99735953e-01
4.11240490e-01
2.74971691e-01
2.91625299e-01
2.71882799e-01
2.07735626e-01
3.32709538e-01
3.85331290e-01
2.17007114e-01
2.15531032e-01
3.36775485e-01
6.47379795e-01
5.71263019e-01
3.39184897e-01
2.24194956e-01
3.07841626e-01
3.20135506e-01
4.49488444e-01
5.47087100e-01
4.10278996e-01
2.77434166e-01
3.36234955e-01
4.44151416e-01
2.61872498e-01
3.20105207e-01
4.93716207e-01
3.72653683e-01
3.19185423e-01
2.85410711e-01
3.02284162e-01
2.97054402e-01
2.95369260e-01
2.28333305e-01
2.90125943e-01
1.87463690e-01
2.29506798e-01
2.59065344e-01
2.27513293e-01
2.57111922e-01
4.33783637e-01
2.30919567e-01
1.64060401e-01
3.47767121e-01
2.24306460e-01
2.11876678e-01
4.10009580e-01
3.92536131e-01
2.49930814e-01
2.82837343e-01
4.45753305e-01
2.04767784e-01
3.98398734e-01
2.71583051e-01
2.23541430e-01
2.24835712e-01
3.15751463e-01
5.05284381e-01
2.65712562e-01
4.17196920e-01
6.44331549e-01
7.92500516e-01
6.64536179e-01
7.55774497e-01
6.29664640e-01
4.76459323e-01
4.51915221e-01
2.10829954e-01
3.85562830e-01
3.20158036e-01
2.94052712e-01
2.43880567e-01
2.98393797e-01
2.50677547e-01
2.16371244e-01
3.09596543e-01
2.88508180e-01
3.28537270e-01
3.05384173e-01
2.92042763e-01
3.72158007e-01
4.32020518e-01
2.90679283e-01
3.55514644e-01
3.00932057e-01
3.32240342e-01
3.20812804e-01
2.75260582e-01
2.61714156e-01
3.18682716e-01
3.20105859e-01
3.77977494e-01
2.62620170e-01
2.77230956e-01
2.75714281e-01
2.87550127e-01
4.49870389e-01
3.53875532e-01
4.73296959e-01
5.33014843e-01
2.57476674e-01
3.31221855e-01
4.23453846e-01
2.48336547e-01
3.92909178e-01
2.99916035e-01
2.64581996e-01
3.07763357e-01
1.70266685e-01
2.14788997e-01
1.95391348e-01
2.30976976e-01
2.35348559e-01
2.68922138e-01
3.68971239e-01
6.01379338e-01
4.15068008e-01
3.70393341e-01
2.09991776e-01
3.45680550e-01
3.18568045e-01
2.48720173e-01
4.95173458e-01
7.06500230e-01
5.45990798e-01
3.16355378e-01
4.95985159e-01
3.25345443e-01
2.82640999e-01
2.99478448e-01
5.20754918e-01
2.44325700e-01
2.80372521e-01
4.34750786e-01
5.25943090e-01
3.47854374e-01
3.28973450e-01
3.42455460e-01
2.43031286e-01
3.84803144e-01
3.32314467e-01
2.98206820e-01
4.16355397e-01
4.31224585e-01
2.12282807e-01
2.64554917e-01
2.68599166e-01
4.67637195e-01
2.46976697e-01
2.44039792e-01
2.60204918e-01
3.26718792e-01
2.67539855e-01
3.40705354e-01
1.77697753e-01
2.68616470e-01
3.09345412e-01
2.49625107e-01
2.78993418e-01
2.84546191e-01
4.64129944e-01
3.45928281e-01
2.86148268e-01
2.58017353e-01
2.42225328e-01
2.32331402e-01
2.17530749e-01
2.50178955e-01
3.27034885e-01
4.04690054e-01
3.67260476e-01
2.44047747e-01
2.95212232e-01
2.84706601e-01
2.60335764e-01
4.04706261e-01
2.69186204e-01
2.75220620e-01
3.66020198e-01
2.57903736e-01
2.81572531e-01
2.75372652e-01
4.08084737e-01
3.86491837e-01
2.37752176e-01
2.26966295e-01
2.30704314e-01
3.41811446e-01
2.49667457e-01
1.95397425e-01
3.56168137e-01
2.85443929e-01
2.31827778e-01
2.46448199e-01
2.66333212e-01
3.27910900e-01
2.68781927e-01
1.67932853e-01
3.77287164e-01
2.62160643e-01
2.41670544e-01
4.34504002e-01
2.37862422e-01
4.86069180e-01
2.28066883e-01
2.60167914e-01
3.78311708e-01
2.68912828e-01
1.87899245e-01
2.92671881e-01
2.56006116e-01
2.46593413e-01
4.13399888e-01
3.14026956e-01
2.94273387e-01
3.09401858e-01
2.45980161e-01
2.82890497e-01
4.07457622e-01
3.60186470e-01
4.90910332e-01
5.72637756e-01
3.12359534e-01
2.57468228e-01
2.70303644e-01
2.55749950e-01
3.50977618e-01
2.22685573e-01
2.00731559e-01
2.09142905e-01
5.56163692e-01
2.70053228e-01
2.94150795e-01
2.88704577e-01
3.02625815e-01
3.73548814e-01
3.00464482e-01
3.21722004e-01
1.98123495e-01
3.94696462e-01
2.13096686e-01
2.68231160e-01
3.28090857e-01
4.02654608e-01
3.45230410e-01
2.71276435e-01
2.84953185e-01
2.34087973e-01
3.18264812e-01
2.65346303e-01
3.14455182e-01
2.89928653e-01
2.19225188e-01
2.96002590e-01
3.26188727e-01
4.09064389e-01
4.90764255e-01
2.29702505e-01
2.90931695e-01
2.06155235e-01
2.38326083e-01
2.72328185e-01
2.25482642e-01
2.95308380e-01
2.20287154e-01
2.74071598e-01
2.53115569e-01
3.79871042e-01
3.22738317e-01
3.85066919e-01
4.22661399e-01
6.50451776e-01
6.80646811e-01
3.81495175e-01
5.50546468e-01
4.79874592e-01
3.23685067e-01
3.00096639e-01
3.39997760e-01
1.92750017e-01
3.32354208e-01
3.35380400e-01
6.49426748e-01
5.87299130e-01
2.86423649e-01
2.29190769e-01
2.24234965e-01
3.94763553e-01
3.46941844e-01
3.37722140e-01
2.70505923e-01
3.42235220e-01
2.23440572e-01
3.17853255e-01
3.14066540e-01
3.16021483e-01
2.03308196e-01
3.52343284e-01
3.28846289e-01
6.27635697e-01
4.75124137e-01
3.07971703e-01
2.99051765e-01
3.06763263e-01
3.22698931e-01
5.74973633e-01
5.38574446e-01
6.65446104e-01
7.19757879e-01
4.90890115e-01
2.05768035e-01
5.70375643e-01
4.82838558e-01
3.11926161e-01
4.50833594e-01
5.88588778e-01
3.87767458e-01
2.97618493e-01
3.37168550e-01
2.04385741e-01
3.29662315e-01
2.62253968e-01
2.60133999e-01
3.39917089e-01
3.09308498e-01
2.65760726e-01
2.08013017e-01
2.84076270e-01
3.22780766e-01
3.20946324e-01
2.64819939e-01
2.89866632e-01
3.17046436e-01
3.91473838e-01
2.19408227e-01
3.62944793e-01
5.01714347e-01
4.09820694e-01
3.22372441e-01
2.59100337e-01
2.18492798e-01
3.27410757e-01
3.54444710e-01
3.02019150e-01
2.78747891e-01
2.67582495e-01
4.87886572e-01
4.30342015e-01
2.03400449e-01
1.76152801e-01
2.01556934e-01
2.77372907e-01
2.65853063e-01
2.64500936e-01
2.71911769e-01
3.38688344e-01
3.69026550e-01
3.22130237e-01
2.49133322e-01
2.27337390e-01
4.13599056e-01
2.52801397e-01
2.11857727e-01
3.10405679e-01
2.93576538e-01
3.24969995e-01
4.06846508e-01
5.35447061e-01
3.63132915e-01
6.75671137e-01
7.91776095e-01
1.00872146e+00
7.71470639e-01
7.18090260e-01
2.55504854e-01
2.26262402e-01
1.84021180e-01
1.99130181e-01
3.33663200e-01
2.76256680e-01
4.02163408e-01
2.85905308e-01
3.59621892e-01
3.72273166e-01
2.51098571e-01
2.28945028e-01
2.82053623e-01
3.13682397e-01
2.06202691e-01
3.31728752e-01
3.40297763e-01
2.76644774e-01
2.94209581e-01
2.59849268e-01
2.30728866e-01
2.29543331e-01
3.06419061e-01
3.07321541e-01
3.19938393e-01
4.93748170e-01
2.61361985e-01
2.91181127e-01
2.30865484e-01
2.30193199e-01
2.75272526e-01
2.08852989e-01
2.45685307e-01
3.97327649e-01
3.40709427e-01
2.22959698e-01
2.19366252e-01
3.31160255e-01
2.14136495e-01
3.41639436e-01
4.40312119e-01
3.06840711e-01
3.48563463e-01
2.59622876e-01
4.36614658e-01
5.45613113e-01
3.45825065e-01
3.28011038e-01
3.63778847e-01
3.06815237e-01
2.75625948e-01
2.33100565e-01
3.59439767e-01
4.77197466e-01
3.81746466e-01
2.19603746e-01
3.24146725e-01
2.69035506e-01
4.52410898e-01
4.75749755e-01
2.20319261e-01
2.90161006e-01
3.16043265e-01
2.85472841e-01
5.14878079e-01
2.74641921e-01
2.39772244e-01
3.52168603e-01
5.49150233e-01
2.84730264e-01
2.82024139e-01
3.29338586e-01
3.41551658e-01
2.17814801e-01
2.62544817e-01
3.21988368e-01
2.65294517e-01
2.21604583e-01
3.08501406e-01
2.88009513e-01
2.23723131e-01
3.68511278e-01
5.52171828e-01
5.78119703e-01
2.42667743e-01
3.63072201e-01
2.54527308e-01
2.16864453e-01
2.69311668e-01
3.51449399e-01
5.68088215e-01
3.58363462e-01
2.86901125e-01
2.97620555e-01
3.81071051e-01
2.67414660e-01
2.65155093e-01
4.02886435e-01
3.67848371e-01
3.16932420e-01
3.24161988e-01
3.34645701e-01
2.12083674e-01
2.06263354e-01
2.77016616e-01
4.21554335e-01
4.57667817e-01
2.43779356e-01
2.30781300e-01
4.02521956e-01
4.84806550e-01
3.38305031e-01
4.48816649e-01
3.84853006e-01
4.03158202e-01
3.97753035e-01
2.33284849e-01
1.89083432e-01
4.18526081e-01
4.33616271e-01
4.32438274e-01
6.48911700e-01
5.45965679e-01
4.28439496e-01
3.17046877e-01
2.11353116e-01
2.64650955e-01
4.18922527e-01
3.75956732e-01
2.39527799e-01
2.64131304e-01
2.92927173e-01
2.15037009e-01
3.34818403e-01
3.61093728e-01
3.54033818e-01
4.14921795e-01
3.47810730e-01
3.64942834e-01
2.28294970e-01
4.36515977e-01
3.85034170e-01
3.55043036e-01
2.80341810e-01
2.73808283e-01
3.26559813e-01
6.83233637e-01
3.98416298e-01
4.14327935e-01
2.88901192e-01
2.40186175e-01
4.15949831e-01
4.03060568e-01
2.87767653e-01
2.02608527e-01
2.20156402e-01
2.72238502e-01
3.85694181e-01
2.10874889e-01
2.05205557e-01
3.17776223e-01
3.02550609e-01
3.20740218e-01
3.09745509e-01
3.85194417e-01
3.87938110e-01
4.50608228e-01
4.75108162e-01
2.96933243e-01
2.96787019e-01
1.95399355e-01
3.11160770e-01
2.91803706e-01
3.24474575e-01
3.33988205e-01
2.90708437e-01
2.58034431e-01
2.97830821e-01
1.93573280e-01
3.04811376e-01
2.61643938e-01
1.95336460e-01
1.71252443e-01
2.31285679e-01
2.37299670e-01
3.14455177e-01
5.88424722e-01
2.92606285e-01
1.44721568e-01
3.22437746e-01
4.55636002e-01
2.95704108e-01
2.40034385e-01
2.13729154e-01
3.29213923e-01
3.18345694e-01
4.45779655e-01
2.46609303e-01
4.37556108e-01
4.79607899e-01
3.82034741e-01
2.65774053e-01
3.22749855e-01
3.39482347e-01
2.59901396e-01
1.89775607e-01
2.23974830e-01
2.57087123e-01
3.19858229e-01
3.47224910e-01
4.38347566e-01
2.57571610e-01
3.59288561e-01
2.32671368e-01
2.11493922e-01
3.04042676e-01
2.66523022e-01
2.24764213e-01
2.43065473e-01
3.03364875e-01
3.36016827e-01
2.93230943e-01
2.68093265e-01
3.12357501e-01
5.17513914e-01
6.07051257e-01
4.74748071e-01
2.97137520e-01
3.44510247e-01
3.02968692e-01
2.37264855e-01
2.33853900e-01
4.36987137e-01
2.92396980e-01
2.38754006e-01
3.61933839e-01
3.77221734e-01
2.20472003e-01
2.31243821e-01
4.02056265e-01
2.65481733e-01
2.45268953e-01
3.47336328e-01
3.40822570e-01
2.22193445e-01
2.20548110e-01
2.47663971e-01
3.40248733e-01
2.72642406e-01
3.17203126e-01
2.22388339e-01
3.31414144e-01
2.59557153e-01
2.54196015e-01
3.09514441e-01
3.35530031e-01
2.93685224e-01
2.24389109e-01
2.34270095e-01
2.26081925e-01
2.99133592e-01
2.91422337e-01
4.56476877e-01
3.18235777e-01
2.14865508e-01
2.80772991e-01
3.21587650e-01
4.79055763e-01
2.74595056e-01
2.62972965e-01
2.78614126e-01
1.85795410e-01
4.00726007e-01
2.56294924e-01
1.97426887e-01
2.60536925e-01
2.90345198e-01
3.20910777e-01
2.76203705e-01
2.23880299e-01
2.85002581e-01
2.89954902e-01
2.85658806e-01
2.62221704e-01
1.60345452e-01
3.08280826e-01
2.98565164e-01
4.61360025e-01
3.40830058e-01
2.92708257e-01
2.40047168e-01
2.86746077e-01
2.40077690e-01
2.73617272e-01
2.31142718e-01
2.89174336e-01
2.93037177e-01
2.67295129e-01
2.70093068e-01
2.93017410e-01
3.60209550e-01
5.45923004e-01
2.64496485e-01
1.98218099e-01
2.47335690e-01
3.92962782e-01
2.32379663e-01
1.91859982e-01
2.17309082e-01
2.78046518e-01
3.02454975e-01
2.11103223e-01
3.08193943e-01
6.04665389e-01
3.85524033e-01
5.46583594e-01
8.67062530e-01
5.97911137e-01
2.95957051e-01
3.24996558e-01
2.99480639e-01
3.49413149e-01
3.10512376e-01
3.28287690e-01
4.01119537e-01
3.33218115e-01
2.38050710e-01
2.52244952e-01
2.44311528e-01
2.37645305e-01
2.67866322e-01
2.48617581e-01
2.35929277e-01
2.84527249e-01
4.85859117e-01
2.41059194e-01
4.82805797e-01
1.94394335e-01
4.51883527e-01
4.49500872e-01
3.46593010e-01
3.84465468e-01
2.02026348e-01
2.90399206e-01
2.90492378e-01
4.44395468e-01
4.76598762e-01
6.52369318e-01
7.18949019e-01
6.04476743e-01
7.32931352e-01
7.14356788e-01
4.52986430e-01
4.72247777e-01
3.15988713e-01
4.44529491e-01
3.35979004e-01
6.58734213e-01
3.30980059e-01
2.19117795e-01
3.31783971e-01
2.35778522e-01
2.53783479e-01
2.63609442e-01
1.70962976e-01
1.85574133e-01
1.83293180e-01
4.03767809e-01
3.21782781e-01
4.44690181e-01
3.62273854e-01
3.60513416e-01
2.48459248e-01
2.76493906e-01
3.28792952e-01
2.54261058e-01
1.96035163e-01
4.09697060e-01
5.29710208e-01
7.18098128e-01
5.29560238e-01
4.17798302e-01
2.48219743e-01
3.54492709e-01
5.71805427e-01
5.68992202e-01
3.58109720e-01
1.84294045e-01
2.71038326e-01
2.21661177e-01
2.98898106e-01
2.50849073e-01
2.64310237e-01
2.78023752e-01
3.01479137e-01
4.00578251e-01
2.99168958e-01
2.66317171e-01
2.09538427e-01
2.46477555e-01
3.67863792e-01
2.80097003e-01
5.88772836e-01
4.65397159e-01
4.83070096e-01
4.30047107e-01
3.87492849e-01
5.10939931e-01
2.99486972e-01
5.65791820e-01
7.49981079e-01
5.08710742e-01
2.61418573e-01
2.87259910e-01
2.38186625e-01
2.89432245e-01
3.42106802e-01
2.34530482e-01
4.70680507e-01
6.41793728e-01
4.72823460e-01
4.20005083e-01
3.97038065e-01
3.66608839e-01
3.64994204e-01
4.10389627e-01
6.53528410e-01
5.73748101e-01
3.55041288e-01
3.24496283e-01
3.50104689e-01
1.91746831e-01
2.57133825e-01
3.24217036e-01
3.05458088e-01
3.60605279e-01
7.15629538e-01
3.64260151e-01
2.99410114e-01
3.42912707e-01
1.29523953e-01
2.34538135e-01
3.16773942e-01
2.86977617e-01
3.28083392e-01
4.39796729e-01
4.98385125e-01
5.62160867e-01
2.94460324e-01
2.14761562e-01
3.76788282e-01
1.35706148e-01
2.74615753e-01
2.12826719e-01
2.64943424e-01
2.17861174e-01
2.42517814e-01
2.90548356e-01
2.39666334e-01
2.10905864e-01
1.80164404e-01
4.90132219e-01
5.20668236e-01
8.11227613e-01
6.31610465e-01
5.93701468e-01
5.48054591e-01
5.51204964e-01
2.04093823e-01
2.92633965e-01
4.13524765e-01
5.98953127e-01
4.49149726e-01
5.96916964e-01
2.89347412e-01
2.71665710e-01
2.95973342e-01
3.41677516e-01
4.18013318e-01
4.12033008e-01
2.47465212e-01
2.63304580e-01
6.23090824e-01
4.53269465e-01
2.03816945e-01
3.04839694e-01
3.50324650e-01
3.63704155e-01
3.31523580e-01
3.10976491e-01
2.79750703e-01
2.26338092e-01
2.38939158e-01
2.66599724e-01
2.67142050e-01
2.84223957e-01
3.40624653e-01
2.60759929e-01
3.92191796e-01
5.89156341e-01
2.39668943e-01
3.52821883e-01
3.46266908e-01
3.53211160e-01
2.55582984e-01
4.74251354e-01
3.29914381e-01
2.20740953e-01
3.09738353e-01
3.04247813e-01
3.20877100e-01
2.87879606e-01
2.89778822e-01
4.35323095e-01
2.82243473e-01
2.48741571e-01
3.18635319e-01
2.43316151e-01
4.17899492e-01
3.03276897e-01
4.59035389e-01
5.34902949e-01
3.16746900e-01
3.02148842e-01
4.76348112e-01
5.67343814e-01
5.40874150e-01
4.29462701e-01
2.30912324e-01
2.76590680e-01
3.11959566e-01
4.07054679e-01
5.71332232e-01
2.47937564e-01
2.15200566e-01
1.92802412e-01
2.43130674e-01
3.44102213e-01
4.05164962e-01
2.20353778e-01
3.80467131e-01
3.12095734e-01
5.14820610e-01
5.14544408e-01
3.57548628e-01
2.77528910e-01
3.92843993e-01
3.56778926e-01
3.81317302e-01
3.71025605e-01
4.94758727e-01
2.70930633e-01
4.02355762e-01
2.70065427e-01
3.94552385e-01
2.14938532e-01
2.70144414e-01
1.90349614e-01
3.32781880e-01
2.29933791e-01
3.13986556e-01
2.22266548e-01
2.78965338e-01
2.33221186e-01
2.51138917e-01
2.68049227e-01
2.32521376e-01
2.65822810e-01
2.36989304e-01
3.11420248e-01
2.94473646e-01
2.28494709e-01
2.61901264e-01
2.12446489e-01
3.50145914e-01
4.79386335e-01
2.69050098e-01
4.30195716e-01
3.68453204e-01
4.88664670e-01
3.04083176e-01
1.85692624e-01
3.00482240e-01
2.42955862e-01
2.60977409e-01
2.33608039e-01
5.52208628e-01
3.51154838e-01
2.91827610e-01
2.56551653e-01
3.30884773e-01
3.55058433e-01
3.08148568e-01
2.74621169e-01
3.28059669e-01
2.45246430e-01
3.23903192e-01
1.95331051e-01
2.67934894e-01
3.13234529e-01
3.72082365e-01
3.42460742e-01
2.77339086e-01
2.67516276e-01
3.02850046e-01
2.65857992e-01
1.95359526e-01
4.57001762e-01
2.74162439e-01
3.10012116e-01
6.00583805e-01
5.80516998e-01
3.28766988e-01
4.17682975e-01
3.84443845e-01
2.52150646e-01
4.37612720e-01
2.41650959e-01
4.11934718e-01
3.33720362e-01
2.81820210e-01
2.55246186e-01
2.50619865e-01
1.74434851e-01
3.29134092e-01
2.34731258e-01
3.38145167e-01
2.47465606e-01
2.59694029e-01
5.36931571e-01
1.77908954e-01
2.17668817e-01
4.32328566e-01
2.60730426e-01
2.13394058e-01
3.08145973e-01
2.75692926e-01
2.50884133e-01
3.54615501e-01
4.34913835e-01
1.98654736e-01
3.53517315e-01
2.05508970e-01
2.88068246e-01
3.95046040e-01
2.97358582e-01
2.48537784e-01
1.53743415e-01
2.87307974e-01
4.37800526e-01
4.88068395e-01
2.99306355e-01
2.37694462e-01
3.55498389e-01
5.10392311e-01
3.20073419e-01
2.07786570e-01
2.49875360e-01
1.86223515e-01
3.69842270e-01
3.25449422e-01
2.28049758e-01
2.76670709e-01
3.10865680e-01
3.67578840e-01
3.20828062e-01
2.99291011e-01
2.95078296e-01
4.60062090e-01
5.37474541e-01
7.42527292e-01
7.77008234e-01
3.30644534e-01
2.51858845e-01
3.58107463e-01
2.07515503e-01
1.36979538e-01
2.82471581e-01
2.44602283e-01
3.33036687e-01
1.82195463e-01
2.80667378e-01
4.28243696e-01
2.63875314e-01
4.41867859e-01
3.19061473e-01
3.51234741e-01
3.42914805e-01
3.59772004e-01
4.70920139e-01
2.60931230e-01
3.22609118e-01
2.61481574e-01
3.05463349e-01
3.41187557e-01
3.36768116e-01
2.49673490e-01
2.47500500e-01
2.05688303e-01
2.91334009e-01
3.21791331e-01
2.19099318e-01
3.15564581e-01
5.08955089e-01
2.96487120e-01
3.72770393e-01
4.05670565e-01
2.23344419e-01
3.21918972e-01
1.79251250e-01
2.25558458e-01
2.49309848e-01
2.64054993e-01
3.73716664e-01
3.29610775e-01
6.09591184e-01
5.42029433e-01
2.95525743e-01
2.45193792e-01
4.42910228e-01
3.33869227e-01
3.45010078e-01
4.58177829e-01
2.96851807e-01
3.62594219e-01
2.54266531e-01
3.49536056e-01
2.15539890e-01
2.90279494e-01
5.54545573e-01
5.90230729e-01
3.06992243e-01
3.29555374e-01
3.95108076e-01
3.67478197e-01
2.45346359e-01
1.64756927e-01
4.27067123e-01
3.64766756e-01
2.58911380e-01
2.40708180e-01
3.09776524e-01
3.25752725e-01
3.37631187e-01
1.88423410e-01
2.69938396e-01
4.43289739e-01
7.96746308e-01
4.87816447e-01
3.54697081e-01
2.23337869e-01
2.00032405e-01
2.23439887e-01
2.50302957e-01
2.98729668e-01
4.93329360e-01
7.02233975e-01
3.48455967e-01
4.56004179e-01
2.67200319e-01
4.43664396e-01
3.21063075e-01
3.34459368e-01
2.84582291e-01
2.59705784e-01
3.07759211e-01
3.47483774e-01
2.50112609e-01
3.86681902e-01
4.52706988e-01
2.33036611e-01
2.09335466e-01
3.37125832e-01
2.09821174e-01
3.96268816e-01
2.25532322e-01
1.57023396e-01
3.34955517e-01
2.05085262e-01
2.93523822e-01
3.48639399e-01
2.70072887e-01
3.77955410e-01
4.17633650e-01
5.33801212e-01
5.43379323e-01
5.01616065e-01
2.82508780e-01
5.24329532e-01
4.00569981e-01
3.71347613e-01
2.27175481e-01
3.33091123e-01
2.59401881e-01
3.14389433e-01
2.01124765e-01
2.97067395e-01
4.57495078e-01
5.05931897e-01
1.95429869e-01
2.81816989e-01
3.74667368e-01
5.23483089e-01
3.65805285e-01
4.15544255e-01
4.16511840e-01
2.47179576e-01
2.69952385e-01
4.09417882e-01
3.55905599e-01
4.26463041e-01
4.89919943e-01
4.04656166e-01
5.95914289e-01
6.20440384e-01
4.80333225e-01
4.04741232e-01
2.78458713e-01
3.74407728e-01
2.80726281e-01
3.17760613e-01
2.10371080e-01
3.30366075e-01
2.86803805e-01
3.28597704e-01
3.37733757e-01
2.54194253e-01
3.10969341e-01
2.98446220e-01
4.61561834e-01
5.08618236e-01
6.29441701e-01
5.26630247e-01
3.07398182e-01
2.21833489e-01
2.81004613e-01
3.97528321e-01
3.54942295e-01
3.42621829e-01
2.57967427e-01
2.57854286e-01
3.73995609e-01
2.40659301e-01
3.17345122e-01
4.02096995e-01
5.92513921e-01
6.99296480e-01
4.53882193e-01
2.56684513e-01
2.73899432e-01
2.80050425e-01
2.84182499e-01
4.17645037e-01
2.48807235e-01
3.38487909e-01
3.51099990e-01
2.01269411e-01
2.89385967e-01
6.72424481e-01
3.09530603e-01
2.90860498e-01
3.34489150e-01
2.85975281e-01
3.56099352e-01
4.23727506e-01
5.61826958e-01
6.18289070e-01
4.40356101e-01
3.69297609e-01
2.65295240e-01
2.44947519e-01
3.63449741e-01
4.27602769e-01
3.16044467e-01
2.20149092e-01
2.35409080e-01
2.74144915e-01
4.13266591e-01
2.61626386e-01
2.65129309e-01
2.23039637e-01
4.24382166e-01
1.66507456e-01
2.45649995e-01
4.85792151e-01
2.57040131e-01
3.30217244e-01
2.37295740e-01
2.44601103e-01
2.89569777e-01
2.91994367e-01
2.11447785e-01
3.64146682e-01
3.18281202e-01
3.55000742e-01
2.45860596e-01
5.62650193e-01
5.17916354e-01
7.02972758e-01
5.84315911e-01
2.30763135e-01
1.90386122e-01
2.48683303e-01
2.56759790e-01
3.56233972e-01
6.12497998e-01
3.12936810e-01
2.08879297e-01
2.40237789e-01
3.24904632e-01
1.66278640e-01
2.37388629e-01
2.76442991e-01
5.63627076e-01
4.81209075e-01
3.69200596e-01
1.69128490e-01
2.95508475e-01
2.10564583e-01
4.89478290e-01
6.95040681e-01
5.63858572e-01
6.16465339e-01
4.22795086e-01
2.74552347e-01
2.90837057e-01
3.40263123e-01
3.18387396e-01
3.24085664e-01
5.19755962e-01
3.21693436e-01
3.99110359e-01
2.97272138e-01
3.68861595e-01
2.19061418e-01
2.22690146e-01
3.68966952e-01
2.88341158e-01
2.77489335e-01
3.68204482e-01
3.13034950e-01
3.24686028e-01
2.38605054e-01
4.82034141e-01
2.24480056e-01
2.12953372e-01
4.55174125e-01
3.09978683e-01
4.25721321e-01
3.23237648e-01
3.96773511e-01
2.71498534e-01
2.83235815e-01
2.81274019e-01
4.20304989e-01
5.42757813e-01
9.14224078e-01
8.25100874e-01
1.00983335e+00
1.04128124e+00
5.28377375e-01
2.44930040e-01
3.46764101e-01
2.89907057e-01
2.50034126e-01
3.36855367e-01
3.43803005e-01
3.67505960e-01
3.81038198e-01
2.63281015e-01
2.93804825e-01
3.95122714e-01
3.07396071e-01
4.92906704e-01
5.16131037e-01
2.95752161e-01
3.77063804e-01
3.15273049e-01
3.35602211e-01
3.31993290e-01
2.42879468e-01
2.16460557e-01
3.54524870e-01
3.41901878e-01
2.53616900e-01
3.86336131e-01
2.04512737e-01
3.28570431e-01
1.57226636e-01
3.02086472e-01
5.21119984e-01
2.61671391e-01
2.86282289e-01
4.39350163e-01
3.06896477e-01
5.26073872e-01
5.93197770e-01
3.40044393e-01
3.68185021e-01
2.21120151e-01
2.33689280e-01
2.07179125e-01
2.29115427e-01
2.61298039e-01
5.81334543e-01
3.50888757e-01
4.59774577e-01
4.57460141e-01
2.53684486e-01
2.22871959e-01
2.14537863e-01
3.01798852e-01
4.12286260e-01
2.52049847e-01
6.60982786e-01
4.39755954e-01
2.12497189e-01
2.44837935e-01
2.93479333e-01
2.32250527e-01
5.22987996e-01
4.28561833e-01
3.06724330e-01
2.72233021e-01
3.71359014e-01
3.25661676e-01
1.95872073e-01
5.58176593e-01
5.35354070e-01
4.86502591e-01
4.71762497e-01
4.06357207e-01
1.98972163e-01
3.50262968e-01
3.71955524e-01
3.14762462e-01
2.20377968e-01
2.75988671e-01
2.45515708e-01
2.51135523e-01
2.68787990e-01
3.93199183e-01
3.56677986e-01
3.36038736e-01
3.02519442e-01
2.82301370e-01
1.71820601e-01
5.76698454e-01
5.57046590e-01
4.28748620e-01
4.90402230e-01
2.77057198e-01
1.90912407e-01
1.45839075e-01
3.43900176e-01
2.79120761e-01
3.26312659e-01
2.60443736e-01
4.00151703e-01
2.57854709e-01
5.29455863e-01
5.05478900e-01
5.22658846e-01
4.01750398e-01
2.82702397e-01
2.76029423e-01
3.03557994e-01
3.38438898e-01
2.25882109e-01
2.61790460e-01
3.32999888e-01
3.36400039e-01
3.37126178e-01
2.66343179e-01
4.84549444e-01
4.88457195e-01
4.29932130e-01
4.06423432e-01
2.15131621e-01
3.60735465e-01
3.76441301e-01
3.82449305e-01
3.10085621e-01
3.83026360e-01
3.92815836e-01
5.77459927e-01
5.23182037e-01
2.81463265e-01
3.72980579e-01
2.53440709e-01
4.59819998e-01
4.26992878e-01
5.42622957e-01
3.15281903e-01
3.43533058e-01
2.40777867e-01
3.39273521e-01
2.54154885e-01
3.42198994e-01
2.34665883e-01
3.49838057e-01
2.23248336e-01
4.76688932e-01
3.46310539e-01
2.89010824e-01
2.06264376e-01
2.31284772e-01
1.86481757e-01
2.13552669e-01
2.55455311e-01
3.60596753e-01
4.95631175e-01
4.73120206e-01
4.67212260e-01
2.96360910e-01
2.41700713e-01
3.86624832e-01
6.63272621e-01
3.90633179e-01
4.14298192e-01
4.18157768e-01
3.09696541e-01
4.24936950e-01
2.44389495e-01
2.80773344e-01
2.48425691e-01
4.13533851e-01
2.89130277e-01
2.93851634e-01
1.87780094e-01
2.09851292e-01
3.23205572e-01
3.96509456e-01
2.93171114e-01
2.82826455e-01
3.19108967e-01
2.82626434e-01
3.28671965e-01
3.04855784e-01
2.77387541e-01
2.99834877e-01
2.45053417e-01
3.43898967e-01
2.78854139e-01
3.01739031e-01
4.37346264e-01
1.56481154e-01
4.54702125e-01
3.77821462e-01
5.84836819e-01
6.82131553e-01
5.26907609e-01
3.88152800e-01
1.98457440e-01
3.39295594e-01
2.54584337e-01
