5.00000000e-01
4.18337313e-01
3.54435032e-01
2.87559000e-01
3.25128082e-01
4.01536109e-01
3.12507595e-01
3.89640960e-01
3.68881925e-01
3.46755077e-01
3.02800548e-01
2.83815989e-01
3.04126394e-01
2.66302118e-01
3.26039177e-01
3.02458562e-01
2.93109283e-01
3.55815556e-01
1.99330840e-01
2.89241331e-01
2.71141156e-01
3.49105152e-01
3.24623506e-01
5.03406084e-01
3.85906326e-01
4.29026419e-01
3.02617574e-01
3.74292528e-01
2.88360626e-01
4.64825748e-01
3.46782438e-01
6.22209548e-01
2.99763266e-01
2.74811761e-01
2.90113879e-01
3.81397712e-01
3.41483312e-01
5.07025495e-01
2.63415224e-01
4.36573493e-01
7.87749219e-01
6.62022191e-01
3.95773212e-01
2.92888960e-01
2.40459073e-01
3.21380440e-01
3.12714153e-01
3.61889337e-01
5.42080783e-01
3.38607361e-01
6.12246094e-01
2.32832031e-01
3.14754322e-01
3.32943148e-01
4.64022967e-01
3.42618510e-01
3.08529096e-01
4.42567383e-01
4.96966152e-01
4.61342088e-01
2.59206294e-01
4.15925474e-01
4.01418826e-01
4.46290362e-01
3.72207461e-01
3.03894430e-01
3.90498935e-01
4.27367224e-01
3.28408505e-01
2.68190768e-01
4.68386725e-01
4.10324960e-01
3.53407933e-01
3.09757567e-01
3.19662145e-01
2.75429372e-01
3.40420322e-01
3.35275535e-01
3.46232722e-01
2.66412661e-01
6.17839181e-01
3.28359285e-01
3.53289581e-01
4.41406892e-01
3.42887549e-01
4.38235058e-01
4.67964151e-01
5.05681710e-01
3.03829328e-01
3.86846457e-01
4.06594995e-01
2.40978411e-01
4.11175052e-01
3.77625792e-01
2.89885587e-01
2.14578220e-01
3.53441174e-01
2.85855493e-01
2.23368786e-01
3.98990764e-01
2.20655304e-01
3.96617273e-01
2.47448848e-01
4.46962019e-01
2.97708570e-01
5.42575764e-01
6.64448013e-01
6.36614468e-01
5.09592002e-01
3.62391533e-01
2.73848223e-01
4.84652167e-01
2.76960261e-01
3.35845513e-01
3.87721312e-01
4.59974012e-01
4.14741291e-01
3.97529822e-01
3.56394207e-01
3.84892141e-01
2.50297210e-01
3.96887564e-01
3.14677929e-01
3.51024791e-01
5.11023550e-01
3.76137207e-01
3.15006975e-01
2.92774389e-01
5.24304822e-01
5.05015105e-01
2.85846222e-01
2.76684408e-01
3.68575502e-01
4.32791255e-01
2.44679785e-01
2.04950698e-01
3.56580136e-01
2.85958624e-01
4.76238221e-01
5.26080992e-01
2.78108391e-01
2.08947561e-01
5.01156269e-01
5.51774338e-01
6.45090707e-01
5.83328390e-01
2.33420873e-01
4.76872664e-01
5.05522293e-01
6.79569631e-01
5.43071437e-01
3.65057632e-01
2.50954035e-01
4.56161039e-01
4.35883357e-01
4.95864601e-01
2.36745466e-01
2.13918533e-01
3.27717413e-01
3.31702793e-01
3.81583180e-01
4.65631598e-01
3.53981216e-01
3.24191259e-01
2.80393762e-01
3.02375243e-01
2.85377027e-01
4.63487870e-01
3.66861677e-01
3.45742272e-01
3.19958748e-01
3.10331035e-01
5.27520104e-01
4.42787531e-01
4.86868348e-01
3.43430063e-01
3.60012783e-01
3.12341845e-01
3.75160935e-01
3.22949060e-01
3.05860907e-01
3.21571970e-01
3.61276107e-01
4.66327535e-01
3.97629532e-01
3.17289961e-01
3.83627991e-01
3.98477231e-01
3.28739765e-01
3.95957595e-01
2.83766012e-01
2.70810679e-01
5.08899764e-01
3.05148610e-01
2.82135830e-01
2.67763521e-01
4.71206909e-01
6.71664917e-01
3.21161528e-01
4.02368095e-01
4.50250523e-01
3.55715258e-01
2.33753486e-01
3.10763664e-01
2.66858473e-01
3.31447522e-01
5.06950230e-01
4.02363263e-01
3.36425927e-01
3.75587769e-01
3.87686936e-01
3.87579411e-01
4.25983457e-01
4.92307015e-01
2.46360192e-01
4.70275506e-01
2.52796006e-01
1.93361826e-01
2.89360957e-01
3.82150567e-01
3.63177555e-01
4.41183378e-01
3.47914672e-01
3.56767250e-01
3.44606916e-01
4.15906533e-01
4.05008078e-01
4.08303374e-01
2.88109641e-01
2.73173763e-01
4.33509083e-01
3.11855899e-01
2.98981702e-01
3.77824971e-01
2.32239154e-01
2.83421940e-01
2.83630583e-01
3.94448007e-01
3.38332122e-01
4.66879965e-01
4.56623145e-01
4.11294126e-01
3.41757122e-01
4.67123787e-01
6.06227993e-01
4.54624161e-01
4.85692266e-01
3.83815191e-01
4.94541549e-01
3.01914444e-01
4.08109324e-01
2.92918459e-01
3.06245086e-01
2.84818081e-01
4.61364489e-01
3.74218624e-01
4.15271990e-01
3.14400390e-01
3.63456659e-01
3.55533160e-01
6.35326213e-01
4.82113747e-01
2.86550521e-01
4.40077852e-01
2.62474407e-01
2.44376296e-01
4.57276130e-01
2.92455827e-01
3.29315207e-01
5.54131061e-01
2.64928604e-01
2.94910365e-01
3.46018449e-01
3.11247352e-01
3.52501800e-01
2.56478434e-01
4.42370219e-01
2.92684554e-01
2.78278198e-01
1.70119118e-01
2.01597513e-01
3.13537988e-01
2.79228638e-01
2.96369873e-01
5.24306206e-01
4.51418428e-01
3.70875323e-01
2.63575659e-01
4.72304157e-01
4.69499898e-01
4.65701075e-01
4.41359531e-01
3.61479427e-01
2.42342693e-01
4.04469177e-01
2.89866912e-01
5.55802253e-01
2.55225219e-01
3.19985710e-01
2.97168855e-01
4.06980880e-01
4.06191164e-01
5.01919848e-01
4.07598353e-01
3.64673819e-01
3.04647527e-01
2.18891970e-01
3.45826262e-01
3.89026152e-01
4.19661935e-01
3.68904972e-01
2.18650794e-01
3.44253777e-01
4.71258535e-01
2.37242510e-01
3.42394340e-01
4.13999582e-01
4.11147313e-01
2.83660031e-01
2.53963285e-01
2.48045010e-01
2.38181733e-01
3.47554292e-01
4.77953160e-01
3.12171552e-01
6.95455988e-01
6.73598340e-01
6.86094010e-01
3.82459115e-01
5.87183552e-01
6.68800144e-01
8.53556850e-01
8.67131006e-01
4.91713694e-01
3.53657469e-01
4.69912608e-01
5.32118440e-01
3.67301125e-01
3.41631540e-01
3.64338113e-01
2.60336323e-01
2.31801622e-01
2.85334407e-01
3.13567097e-01
3.50006929e-01
2.47395301e-01
3.14648831e-01
3.20434289e-01
4.41883326e-01
3.20158902e-01
3.53915469e-01
2.64396914e-01
2.30549831e-01
3.98303864e-01
2.91672812e-01
3.17472231e-01
4.37421889e-01
4.66498969e-01
4.76992789e-01
5.47865075e-01
5.05402267e-01
2.97756567e-01
2.92729142e-01
3.11538566e-01
4.14277397e-01
3.44819161e-01
4.91508743e-01
4.64083011e-01
4.61024604e-01
2.75218940e-01
3.45107987e-01
3.68970272e-01
4.95223059e-01
6.01864204e-01
4.76195188e-01
3.64437785e-01
3.16056064e-01
3.09686789e-01
4.65763749e-01
4.32936300e-01
3.44131093e-01
2.59864315e-01
4.60250169e-01
3.25709240e-01
3.06791598e-01
3.06012286e-01
3.33600420e-01
3.68672399e-01
3.51927560e-01
4.06142997e-01
3.25072270e-01
2.71991810e-01
3.49359211e-01
6.20903091e-01
5.03886669e-01
2.09559992e-01
4.73069265e-01
3.64649901e-01
3.74433045e-01
3.29897693e-01
3.23516244e-01
4.66872435e-01
4.88175999e-01
4.30714275e-01
4.34881855e-01
2.65986867e-01
4.30302596e-01
4.18729144e-01
3.92137527e-01
3.70206927e-01
3.56021939e-01
3.47639348e-01
3.57420581e-01
3.16332733e-01
2.92953762e-01
2.92329767e-01
4.04550277e-01
4.04095414e-01
2.70785586e-01
6.08637805e-01
4.42958145e-01
3.46084967e-01
3.34140593e-01
3.57652133e-01
2.20862839e-01
3.66038113e-01
2.54689030e-01
2.40485263e-01
3.04766674e-01
3.25667805e-01
3.71151785e-01
5.03289584e-01
3.68401396e-01
3.77092623e-01
4.32782714e-01
3.03300558e-01
2.52230100e-01
3.65588136e-01
2.99415030e-01
2.53382181e-01
4.34273853e-01
2.91077151e-01
6.97268111e-01
5.00582053e-01
2.70624618e-01
4.13880210e-01
4.17578429e-01
5.19536909e-01
4.83326771e-01
3.90405172e-01
3.23193368e-01
5.83179789e-01
3.41770322e-01
4.30640612e-01
3.45368887e-01
4.50358454e-01
4.47262415e-01
4.36998228e-01
3.11968136e-01
4.40554971e-01
5.33146015e-01
1.97966567e-01
4.34823328e-01
3.34125878e-01
3.20911008e-01
2.74712465e-01
3.71281215e-01
3.77598122e-01
2.46352096e-01
3.26940675e-01
3.88260075e-01
2.49264237e-01
2.74738927e-01
4.86631998e-01
5.04074210e-01
2.98145859e-01
3.90433003e-01
2.15058127e-01
2.85117604e-01
4.78784062e-01
2.81088586e-01
3.42423010e-01
3.36756123e-01
2.46395524e-01
2.82063578e-01
3.19396486e-01
4.85992013e-01
3.13989287e-01
4.77148462e-01
6.23555408e-01
3.55530703e-01
3.02482887e-01
4.11871480e-01
3.31369111e-01
3.70357663e-01
3.86852431e-01
4.69176544e-01
5.02384552e-01
2.89877292e-01
5.30030870e-01
4.74147241e-01
3.60767757e-01
4.72747008e-01
5.25060004e-01
3.76595101e-01
4.04201714e-01
4.32060632e-01
2.49360718e-01
3.64666806e-01
3.81004490e-01
3.04812561e-01
4.97834863e-01
2.32036527e-01
3.43184068e-01
3.79535384e-01
4.91514052e-01
2.82241137e-01
3.38738694e-01
2.12486833e-01
2.76630812e-01
3.52938022e-01
4.64645188e-01
5.16214596e-01
3.06425031e-01
3.68603302e-01
3.15011767e-01
2.59151908e-01
3.30007372e-01
3.90274835e-01
3.67535163e-01
3.08315548e-01
2.59935354e-01
3.35232032e-01
3.31176800e-01
2.61361580e-01
3.25842504e-01
5.59889972e-01
3.90391459e-01
3.06008391e-01
3.66816993e-01
4.37293267e-01
4.80336468e-01
7.67191822e-01
2.92757828e-01
3.08125236e-01
4.75337282e-01
5.97090032e-01
4.57990558e-01
4.98706766e-01
3.26548495e-01
2.17325279e-01
4.12351223e-01
3.63512522e-01
4.05959203e-01
2.81872135e-01
3.21270358e-01
5.11251319e-01
4.21592964e-01
4.05603914e-01
4.32922088e-01
4.14712068e-01
2.51626233e-01
3.36111786e-01
1.85320576e-01
3.30868242e-01
4.41225140e-01
3.58444943e-01
3.89105453e-01
2.76154473e-01
2.88919304e-01
2.03991097e-01
3.30072120e-01
7.20719045e-01
6.56726588e-01
4.35332131e-01
2.80767575e-01
3.79665802e-01
2.94680840e-01
2.74196026e-01
4.46866610e-01
4.11115906e-01
4.81278852e-01
4.95262459e-01
3.47675518e-01
2.53533477e-01
4.55919611e-01
7.14876464e-01
3.75981567e-01
3.65795340e-01
2.44280257e-01
2.41023764e-01
3.15934769e-01
3.78029848e-01
3.11611956e-01
2.82461391e-01
2.20832542e-01
3.40368311e-01
3.25446806e-01
4.02918768e-01
3.50110547e-01
4.38896277e-01
3.33830445e-01
2.61049533e-01
2.79278184e-01
2.68919175e-01
3.17772378e-01
3.17366884e-01
2.90527457e-01
5.08720928e-01
4.76474826e-01
5.63580666e-01
4.83709610e-01
3.62587919e-01
3.13736985e-01
3.32135821e-01
3.96183256e-01
3.01187708e-01
3.26380157e-01
4.02999422e-01
3.34913840e-01
4.11953943e-01
3.65671908e-01
2.49183934e-01
2.94493242e-01
3.08395919e-01
4.65852980e-01
3.99699283e-01
2.38219174e-01
3.89972930e-01
4.51238142e-01
6.23142006e-01
3.81515839e-01
2.62876454e-01
3.53326606e-01
2.42241153e-01
2.69266014e-01
3.09006112e-01
2.92747947e-01
3.94832500e-01
3.23015469e-01
3.59787142e-01
5.91914331e-01
6.93163853e-01
5.21245752e-01
5.04995457e-01
2.90855110e-01
2.85479056e-01
2.78880928e-01
4.86510602e-01
4.75787003e-01
3.16228679e-01
3.48352341e-01
4.52796752e-01
3.85693779e-01
3.96629711e-01
3.90624209e-01
4.73894023e-01
2.96446267e-01
5.57695489e-01
7.03818443e-01
3.40330881e-01
4.95322433e-01
4.17653138e-01
4.00218309e-01
3.69589827e-01
3.89291797e-01
5.76503586e-01
3.01093988e-01
4.27934591e-01
3.05358221e-01
2.75917344e-01
2.91368910e-01
3.84607193e-01
2.15386289e-01
2.90884846e-01
2.94979558e-01
4.72997056e-01
5.55792548e-01
3.53569653e-01
3.63658788e-01
3.74801804e-01
3.07764240e-01
2.19983984e-01
3.84695650e-01
4.50393615e-01
3.28507282e-01
5.11766022e-01
6.41566961e-01
6.96091773e-01
7.48070462e-01
3.56333973e-01
4.17787794e-01
3.41860412e-01
2.28150378e-01
4.73010449e-01
4.73530562e-01
3.25193776e-01
3.15585596e-01
2.98072962e-01
4.34403343e-01
3.22057559e-01
3.32847046e-01
5.48772384e-01
3.75154735e-01
2.78816818e-01
3.95770057e-01
2.87161933e-01
2.19492760e-01
2.43799779e-01
2.68797431e-01
3.20640765e-01
4.20927539e-01
3.72505646e-01
4.14445386e-01
3.92402999e-01
3.02057740e-01
4.48267501e-01
2.38911856e-01
3.39566184e-01
2.97410584e-01
4.11012777e-01
5.36711287e-01
3.50127445e-01
6.25334801e-01
6.91351057e-01
3.34434714e-01
4.86069659e-01
4.20230214e-01
2.69604559e-01
3.04764948e-01
2.32929121e-01
3.38846905e-01
3.77548351e-01
3.23390186e-01
5.01064829e-01
3.56330168e-01
3.67372254e-01
4.47864551e-01
4.30390495e-01
3.42469082e-01
4.88452871e-01
4.01597314e-01
4.26502217e-01
5.52921661e-01
5.46165441e-01
5.85416400e-01
6.85451507e-01
3.70190192e-01
4.63056710e-01
3.05600171e-01
3.49411611e-01
3.72056760e-01
2.99641418e-01
4.35247822e-01
2.87304787e-01
3.98896467e-01
3.71654056e-01
2.90386954e-01
2.49025454e-01
2.34335902e-01
2.54354491e-01
2.84971964e-01
2.69642798e-01
2.78290232e-01
2.16365652e-01
2.64292583e-01
3.08400717e-01
3.82059465e-01
3.83589202e-01
4.31919789e-01
4.32568705e-01
3.25664442e-01
5.65590976e-01
4.67848999e-01
4.95658106e-01
6.03995856e-01
8.10354899e-01
6.80451339e-01
5.60655871e-01
5.14455097e-01
4.28461072e-01
6.02122742e-01
2.69583469e-01
3.73779753e-01
2.59296316e-01
3.89018702e-01
2.66976730e-01
2.84082921e-01
3.77191187e-01
3.53752338e-01
2.75813338e-01
4.65460646e-01
4.39198872e-01
4.13585905e-01
3.28167056e-01
2.86714555e-01
3.70158030e-01
3.33807290e-01
3.57860964e-01
2.76565952e-01
2.18582213e-01
2.34247842e-01
3.79973551e-01
3.27299370e-01
2.25602016e-01
3.34071364e-01
3.95697516e-01
3.15338313e-01
4.59465395e-01
3.41228072e-01
3.77634871e-01
3.33666340e-01
3.33735687e-01
2.95793520e-01
3.32688533e-01
3.57254707e-01
4.62902136e-01
4.47050034e-01
3.62545238e-01
4.19285291e-01
2.51519066e-01
3.36012244e-01
4.48980411e-01
5.87690616e-01
3.43994810e-01
3.92531396e-01
4.53791522e-01
3.63769175e-01
3.48038009e-01
4.96823182e-01
3.72444503e-01
3.36292034e-01
5.94868909e-01
3.15203860e-01
4.37620135e-01
7.11621589e-01
8.16273773e-01
3.40275290e-01
4.10950897e-01
3.02150193e-01
2.14846816e-01
6.28816990e-01
5.65149527e-01
2.92481878e-01
2.17281933e-01
4.55791759e-01
5.59955650e-01
5.68814391e-01
4.49202728e-01
6.37624758e-01
2.49264063e-01
4.21963239e-01
4.06578081e-01
3.57198703e-01
5.45287855e-01
4.31557718e-01
3.82260236e-01
4.21713654e-01
3.68881552e-01
3.52635245e-01
3.25925768e-01
3.02191065e-01
2.94695081e-01
3.77498672e-01
4.61101588e-01
3.22157211e-01
4.14764995e-01
5.05641377e-01
2.65535210e-01
3.06304450e-01
3.51839756e-01
3.75136952e-01
2.93340238e-01
2.83729860e-01
3.01266118e-01
4.62155576e-01
3.18757226e-01
4.72786914e-01
5.84017900e-01
7.05610723e-01
5.92562967e-01
3.07040676e-01
4.32228034e-01
3.93550379e-01
4.78541180e-01
2.72996173e-01
2.93225937e-01
2.72335716e-01
3.58949825e-01
3.62975944e-01
4.08229127e-01
4.07124931e-01
3.33381702e-01
4.57014341e-01
3.11466770e-01
3.38396323e-01
3.32357529e-01
3.37487205e-01
2.73439277e-01
2.63920376e-01
5.52831851e-01
6.10285016e-01
5.98540311e-01
5.25236766e-01
5.97155981e-01
4.57120700e-01
5.09053597e-01
6.21595939e-01
4.96994976e-01
3.29322854e-01
2.98983070e-01
3.17168626e-01
2.46559713e-01
3.30761800e-01
4.69018553e-01
3.18484439e-01
4.09342878e-01
3.08174413e-01
3.03959880e-01
4.68626910e-01
3.68851612e-01
4.59430686e-01
3.31599085e-01
3.32402000e-01
2.77277609e-01
3.35208546e-01
3.41696473e-01
2.84654088e-01
2.71140721e-01
4.61402635e-01
3.18384930e-01
3.09861477e-01
4.11403943e-01
2.94799476e-01
2.79425316e-01
3.40494162e-01
2.68010202e-01
3.92277915e-01
7.08809587e-01
5.02638599e-01
3.90650697e-01
5.99704724e-01
7.36930850e-01
8.09563340e-01
3.85217243e-01
4.41335148e-01
3.62571169e-01
2.82187107e-01
3.59506957e-01
2.41364307e-01
2.45239074e-01
3.05091087e-01
4.79250742e-01
4.42862713e-01
2.96376605e-01
3.51941667e-01
4.13016128e-01
3.80995019e-01
3.30462116e-01
3.73489724e-01
3.94874221e-01
2.89713679e-01
2.57523907e-01
4.02774174e-01
4.55502454e-01
3.71524071e-01
2.02038180e-01
5.53796348e-01
4.70690679e-01
2.79490146e-01
5.14828445e-01
4.11717517e-01
6.27102300e-01
3.32172306e-01
5.43143087e-01
3.75661583e-01
3.36358825e-01
2.11753897e-01
2.88573306e-01
5.89726793e-01
3.97232181e-01
4.17740112e-01
2.55816451e-01
3.14357019e-01
2.92597991e-01
3.88171163e-01
4.74990607e-01
5.06759914e-01
5.85235584e-01
5.34012184e-01
5.95915772e-01
4.46078810e-01
2.85641377e-01
2.58680505e-01
3.97809891e-01
2.53750715e-01
3.09915670e-01
4.20339410e-01
3.03113436e-01
2.91668545e-01
